
Trial>> v0=-3.997;
Trial>> v1=16.1;
Trial>> v2=33.14

v2 =

   33.1400

Trial>> v3=-157.5;
Trial>> v4=-125.1;
Trial>> v5=539;
Trial>> v6=-1212;
Trial>> v7=910.2;
Trial>> v=[v0 v1 v2 v3 v4 v5 v6 v7]

v =

   1.0e+03 *

   -0.0040    0.0161    0.0331   -0.1575   -0.1251    0.5390   -1.2120    0.9102

Trial>> x=0:0.02:6.3;
Trial>> vi=10^(-4)*(v0*x.^8 + v1*x.^7 + v2*x.^6 + v3*x.^5 + v4*x.^4 + v5*x.^3 + v6*x.^2 + v7*x);
Trial>> plot(x,vi)
Trial>> t=0:0.01:6.28;
Trial>> x=t-sin(t);
Trial>> y=1-cos(t);
Trial>> plot (x,y)
Trial>> p1 =    8.63e-07  
       p2 =   -0.001924  
       p3 =     0.03607  
       p4 =      -0.266  
       p5 =      0.9725  
       p6 =      -1.972  
       p7 =       2.541  
       p8 =     0.06189  

p1 =

   8.6300e-07


p2 =

   -0.0019


p3 =

    0.0361


p4 =

   -0.2660


p5 =

    0.9725


p6 =

   -1.9720


p7 =

    2.5410


p8 =

    0.0619

Trial>> f(x) = p1*x.^7 + p2*x.^6 + p3*x.^5 + p4*x.^4 + p5*x.^3 + 
                    p6*x.^2 + p7*x + p8
 f(x) = p1*x.^7 + p2*x.^6 + p3*x.^5 + p4*x.^4 + p5*x.^3 + 
                                                          ?
Error: Expression or statement is incomplete or incorrect.
 
Trial>> f(x) = p1*x.^7 + p2*x.^6 + p3*x.^5 + p4*x.^4 + p5*x.^3 + p6*x.^2 + p7*x + p8;
Subscript indices must either be real positive integers or logicals.
 
Trial>> x=0:0.02

x =

     0

Trial>> x=0

x =

     0

Trial>> x=0:0.02

x =

     0

Trial>> x=0:0.2:6.3;
Trial>> f(x) = p1*x.^7 + p2*x.^6 + p3*x.^5 + p4*x.^4 + p5*x.^3 + p6*x.^2 + p7*x + p8;
Subscript indices must either be real positive integers or logicals.
 
Trial>> f = p1*x.^7 + p2*x.^6 + p3*x.^5 + p4*x.^4 + p5*x.^3 + p6*x.^2 + p7*x + p8;
Trial>> plot(x,f)
Trial>> x=2.64:0.02:3.64

x =

  Columns 1 through 12

    2.6400    2.6600    2.6800    2.7000    2.7200    2.7400    2.7600    2.7800    2.8000    2.8200    2.8400    2.8600

  Columns 13 through 24

    2.8800    2.9000    2.9200    2.9400    2.9600    2.9800    3.0000    3.0200    3.0400    3.0600    3.0800    3.1000

  Columns 25 through 36

    3.1200    3.1400    3.1600    3.1800    3.2000    3.2200    3.2400    3.2600    3.2800    3.3000    3.3200    3.3400

  Columns 37 through 48

    3.3600    3.3800    3.4000    3.4200    3.4400    3.4600    3.4800    3.5000    3.5200    3.5400    3.5600    3.5800

  Columns 49 through 51

    3.6000    3.6200    3.6400

Trial>> f = p1*x.^7 + p2*x.^6 + p3*x.^5 + p4*x.^4 + p5*x.^3 + p6*x.^2 + p7*x + p8;;
Trial>> plot(x,f)
Trial>> f = p1*x.^7 + p2*x.^6 + p3*x.^5 + p4*x.^4 + p5*x.^3 + p6*x.^2 + p7*x + p8 -1.974;
Trial>> plot(x,f)
Trial>> v=x-2.64;
Trial>> vic= p1*v.^7 + p2*v.^6 + p3*v.^5 + p4*v.^4 + p5*v.^3 + p6*v.^2 + p7*v + p8 -1.974;
Trial>> hold on
Trial>> plot(v,vic)
Trial>> vic=p1*v.^7 + p2*v.^6 + p3*v.^5 + p4*v.^4 + p5*v.^3 + p6*v.^2 + p7*v + p8;
Trial>> hold off
Trial>> plot(v,vic)
Trial>> f = p1*x.^7 + p2*x.^6 + p3*x.^5 + p4*x.^4 + p5*x.^3 + p6*x.^2 + p7*x + p8;
Trial>> hold on
Trial>> plot(x,f)
Trial>> h=0:10;
Trial>> d=-h^2
Error using  ^ 
One argument must be a square matrix and the other must be a scalar. Use POWER (.^) for elementwise power.
 
Trial>> d=-h.^2;
Trial>> plot(h,d)
Trial>> h2=h+0.5;
Trial>> d=-h.^2;
Trial>> plot(h,d)
Trial>> v=x+2.64;
Trial>> vic=p1*v.^7 + p2*v.^6 + p3*v.^5 + p4*v.^4 + p5*v.^3 + p6*v.^2 + p7*v + p8;
Trial>> plot(v,vic)
Trial>> syms v
Trial>> vic=p1*(v-2.64)^7 + p2*(v-2.64)^6 + p3*(v-2.64)^5 + p4*(v2.64)^4 + p5*(v2.64)^3 + p6*(v-2.64)^2 + p7*(v-2.64) + p8
 vic=p1*(v-2.64)^7 + p2*(v-2.64)^6 + p3*(v-2.64)^5 + p4*(v2.64)^4 + p5*(v2.64)^3 + p6*(v-2.64)^2 + p7*(v-2.64) + p8
                                                           ?
Error: Unexpected MATLAB expression.
 
Trial>> vic=p1*(v-2.64)^7 + p2*(v-2.64)^6 + p3*(v-2.64)^5 + p4*(v-2.64)^4 + p5*(v2.64)^3 + p6*(v-2.64)^2 + p7*(v-2.64) + p8
 vic=p1*(v-2.64)^7 + p2*(v-2.64)^6 + p3*(v-2.64)^5 + p4*(v-2.64)^4 + p5*(v2.64)^3 + p6*(v-2.64)^2 + p7*(v-2.64) + p8
                                                                           ?
Error: Unexpected MATLAB expression.
 
Trial>> vic=p1*(v-2.64)^7 + p2*(v-2.64)^6 + p3*(v-2.64)^5 + p4*(v-2.64)^4 + p5*(v-2.64)^3 + p6*(v-2.64)^2 + p7*(v-2.64) + p8
 
vic =
 
(2541*v)/1000 - (493*(v - 66/25)^2)/250 + (389*(v - 66/25)^3)/400 - (133*(v - 66/25)^4)/500 + (3607*(v - 66/25)^5)/100000 - (4436441949727147*(v - 66/25)^6)/2305843009213693952 + (509425284339563*(v - 66/25)^7)/590295810358705651712 - 132927/20000
 
Trial>> vic=p1*(v-2.64)^7 + p2*(v-2.64)^6 + p3*(v-2.64)^5 + p4*(v-2.64)^4 + p5*(v-2.64)^3 + p6*(v-2.64)^2 + p7*(v-2.64) + p8 -1.974
 
vic =
 
(2541*v)/1000 - (493*(v - 66/25)^2)/250 + (389*(v - 66/25)^3)/400 - (133*(v - 66/25)^4)/500 + (3607*(v - 66/25)^5)/100000 - (4436441949727147*(v - 66/25)^6)/2305843009213693952 + (509425284339563*(v - 66/25)^7)/590295810358705651712 - 172407/20000
 
Trial>> solve(vic,v)
 
